71
symmetry c1
C        0.253000891      1.241636513      0.406613733
C        0.153705813      0.587921151      1.677524164
C        1.373216921      0.227397460      2.352963212
C        2.698994321      0.471254328      1.843789176
C        2.697628617      0.890931045      0.436683977
C        1.481474676      1.365452378     -0.180322441
C        3.978687327      0.149447915      2.495327861
C        2.400531097     -0.843092662      4.284840426
C        1.259532480     -0.441315452      3.594189121
C        4.776971857     -0.073439110      3.919339895
C        4.766954846      0.059354293      5.395400114
C        3.624302887     -0.129146966      6.248577271
C        2.430778435     -0.596146248      5.646171222
C        6.025337206      0.168264162      6.154224445
C        6.026885605      0.441413756      7.570787112
C        4.816643654      0.453717739      8.324724935
C        3.611477536      0.097094051      7.663627111
C        7.269699227      0.642737175      8.279807980
C        7.234466984      0.982640277      9.677986771
C        6.057916286      1.021436526     10.383553979
C        4.812771459      0.704456692      9.742182224
C        3.608973579      0.581928503     10.464031533
C        2.409134734      0.183789273      9.842152411
C        2.409043307     -0.067734663      8.427684741
C        1.188778999     -0.425099913      7.781777617
C        1.189353881     -0.638802674      6.381541767
C       -0.037452658     -0.730399650      5.672754628
C       -0.010506994     -0.542465409      4.263937655
C       -1.216806791     -0.253543639      3.550007006
C       -1.101980768      0.281691248      2.253547079
C       -2.463765165     -0.432310895      4.253242891
C       -2.496274367     -0.689864735      5.606620286
C       -1.285007558     -0.748623082      6.387053486
C       -1.256245288     -0.705264967      7.797675333
C       -0.051282404     -0.505587855      8.509005044
C       -0.001770543     -0.306035863      9.933375634
C        1.173697561      0.028613311     10.566900921
C        8.497756349      0.452646825      7.621760552
C        8.536110154      0.044697839      6.281323494
C        7.299717350     -0.067530447      5.554962161
C        7.325915891     -0.442670190      4.193001454
C        6.114085436     -0.428947733      3.465738052
C        6.217625332     -0.492254608      2.068317361
C        4.990245995     -0.107954358      1.502783964
C        4.962370746      0.138420320      0.098204669
C        3.812022328      0.747536339     -0.405304679
C        9.765514424     -0.279178872      5.606450052
C        9.783274195     -0.651002200      4.283445385
C        8.573394890     -0.699918428      3.505046675
C        8.594423993     -0.882129389      2.104920469
C        7.416670160     -0.703870003      1.343867982
C        7.319201907     -0.595262499     -0.090638748
C        6.144190951     -0.169116168     -0.674661571
H        6.093827236     -0.022534343     -1.764964753
H        8.207407341     -0.797704805     -0.708759288
H        9.556467737     -1.067859159      1.601966519
H       10.737524438     -0.875952539      3.782513622
H       10.703681903     -0.214881795      6.178950174
H       -3.403203803     -0.315602729      3.690597165
H        8.192616063      1.183872656     10.180850732
H       -3.403203803     -0.315602729      3.690597165
H        8.192616063      1.183872656     10.180850732
H        6.054650268      1.256243784     11.458919261
H       -0.661640964      1.581416913     -0.101270858
H       -2.013594737      0.539853350      1.692429768
H        3.613921604      0.780460939     11.547646811
H        1.184875068      0.205960196     11.653594838
H       -0.936179931     -0.395917080     10.508678810
H       -2.205772602     -0.739178642      8.355100016
H       -3.462316993     -0.779684097      6.127370088
H        1.571052080      1.785602199     -1.193529878
H        3.744829811      1.063199563     -1.457260249
H        9.437380197      0.581219588      8.181306331
H       -3.403203803     -0.315602729      3.690597165
H        8.192616063      1.183872656     10.180850732
H        6.054650268      1.256243784     11.458919261
H       -0.661640964      1.581416913     -0.101270858
H       -2.013594737      0.539853350      1.692429768
H        3.613921604      0.780460939     11.547646811
H        1.184875068      0.205960196     11.653594838
H       -0.936179931     -0.395917080     10.508678810
H       -2.205772602     -0.739178642      8.355100016
H       -3.462316993     -0.779684097      6.127370088
H        1.571052080      1.785602199     -1.193529878
H        3.744829811      1.063199563     -1.457260249
H        9.437380197      0.581219588      8.181306331

                                                        
